[gd_scene load_steps=6 format=3 uid="uid://c017w2c3tshkg"]

[ext_resource type="Script" path="res://scripts/game.gd" id="1_wr7wq"]
[ext_resource type="PackedScene" path="res://scenes/table.tscn" id="2_f208o"]

[sub_resource type="ProceduralSkyMaterial" id="ProceduralSkyMaterial_41v08"]
sky_top_color = Color(0.368627, 0.639216, 0.764706, 1)
sky_horizon_color = Color(0.588235, 0.67451, 0.694118, 1)
ground_bottom_color = Color(0.192157, 0.156863, 0.231373, 1)
ground_horizon_color = Color(0.596078, 0.572549, 0.737255, 1)

[sub_resource type="Sky" id="Sky_14mwn"]
sky_material = SubResource("ProceduralSkyMaterial_41v08")

[sub_resource type="Environment" id="Environment_cst5l"]
background_mode = 2
background_color = Color(0.180392, 0.443137, 0.760784, 1)
sky = SubResource("Sky_14mwn")
ambient_light_source = 3
glow_enabled = true

[node name="Game" type="Node3D"]
script = ExtResource("1_wr7wq")

[node name="WorldEnvironment" type="WorldEnvironment" parent="."]
environment = SubResource("Environment_cst5l")

[node name="Camera3D" type="Camera3D" parent="."]
transform = Transform3D(1, 0, 0, 0, 0.991741, 0.128259, 0, -0.128259, 0.991741, 0, 0.548662, 1.97148)
fov = 37.8493

[node name="DirectionalLight3D" type="DirectionalLight3D" parent="."]
transform = Transform3D(1, 0, 0, 0, -4.37114e-08, 1, 0, -1, -4.37114e-08, 0, 1, 0)
shadow_enabled = true

[node name="SpotLight3D" type="SpotLight3D" parent="."]
transform = Transform3D(-3.09086e-08, 0.707107, -0.707107, 3.09086e-08, 0.707107, 0.707107, 1, 0, -4.37114e-08, -2.08429, 1.32816, 0)
light_color = Color(0, 0.776471, 0.87451, 1)
light_energy = 1.609

[node name="SpotLight3D2" type="SpotLight3D" parent="."]
transform = Transform3D(3.09086e-08, 0.707107, 0.707107, 3.09086e-08, -0.707107, 0.707107, 1, 3.55271e-15, -4.37114e-08, 2.37319, 1.32816, 0)
light_color = Color(1, 0.301961, 0.301961, 1)
light_energy = 1.762

[node name="Table" parent="." instance=ExtResource("2_f208o")]
